*Experiment #1*
22
48
26
28
44
17
33
41
76
34
74
49
83
27
62
63
88
88
74
37
63
14
81
78
87
53
98
88
2
12
98
85
37
2
37
100
91
54
44
17
2
23
86
15
9
36
38
80
83
25
10
13
25
33
58
71
26
95
97
10
73
52
1
73
10
13
32
25
91
100
48
97
6
46
49
96
96
9
82
14
52
83
88
10
58
39
22
19
60
1
65
70
69
100
10
5
2
18
15
86

Next Fit:
22 0
48 0
26 0
28 1
44 1
17 1
33 2
41 2
76 3
34 4
74 5
49 6
83 7
27 8
62 8
63 9
88 10
88 11
74 12
37 13
63 13
14 14
81 14
78 15
87 16
53 17
98 18
88 19
2 19
12 20
98 21
85 22
37 23
2 23
37 23
100 24
91 25
54 26
44 26
17 27
2 27
23 27
86 28
15 29
9 29
36 29
38 29
80 30
83 31
25 32
10 32
13 32
25 32
33 33
58 33
71 34
26 34
95 35
97 36
10 37
73 37
52 38
1 38
73 39
10 39
13 39
32 40
25 40
91 41
100 42
48 43
97 44
6 45
46 45
49 46
96 47
96 48
9 49
82 49
14 50
52 50
83 51
88 52
10 52
58 53
39 53
22 54
19 54
60 55
1 55
65 56
70 57
69 58
100 59
10 60
5 60
2 60
18 60
15 60
86 61

22 48 26 96
28 44 17 89
33 41 74
76 76
34 34
74 74
49 49
83 83
27 62 89
63 63
88 88
88 88
74 74
37 63 100
14 81 95
78 78
87 87
53 53
98 98
88 2 90
12 12
98 98
85 85
37 2 37 76
100 100
91 91
54 44 98
17 2 23 42
86 86
15 9 36 38 98
80 80
83 83
25 10 13 25 73
33 58 91
71 26 97
95 95
97 97
10 73 83
52 1 53
73 10 13 96
32 25 57
91 91
100 100
48 48
97 97
6 46 52
49 49
96 96
96 96
9 82 91
14 52 66
83 83
88 10 98
58 39 97
22 19 41
60 1 61
65 65
70 70
69 69
100 100
10 5 2 18 15 50
86 86

First Fit:
22 0
48 0
26 0
28 1
44 1
17 1
33 2
41 2
76 3
34 4
74 5
49 4
83 6
27 7
62 7
63 8
88 9
88 10
74 11
37 8
63 12
14 2
81 13
78 14
87 15
53 16
98 17
88 18
2 0
12 2
98 19
85 20
37 12
2 0
37 16
100 21
91 22
54 23
44 23
17 3
2 1
23 5
86 24
15 4
9 1
36 25
38 25
80 26
83 27
25 11
10 6
13 13
25 25
33 28
58 28
71 29
26 29
95 30
97 31
10 7
73 32
52 33
1 3
73 34
10 9
13 14
32 33
25 32
91 35
100 36
48 37
97 38
6 3
46 37
49 39
96 40
96 41
9 10
82 42
14 20
52 43
83 44
88 45
10 15
58 46
39 39
22 34
19 26
60 47
1 4
65 48
70 49
69 50
100 51
10 16
5 6
2 5
18 42
15 27
86 52

22 48 26 2 2 100
28 44 17 2 9 100
33 41 14 12 100
76 17 1 6 100
34 49 15 1 99
74 23 2 99
83 10 5 98
27 62 10 99
63 37 100
88 10 98
88 9 97
74 25 99
63 37 100
81 13 94
78 13 91
87 10 97
53 37 10 100
98 98
88 88
98 98
85 14 99
100 100
91 91
54 44 98
86 86
36 38 25 99
80 19 99
83 15 98
33 58 91
71 26 97
95 95
97 97
73 25 98
52 32 84
73 22 95
91 91
100 100
48 46 94
97 97
49 39 88
96 96
96 96
82 18 100
52 52
83 83
88 88
58 58
60 60
65 65
70 70
69 69
100 100
86 86

Best Fit:
22 0
48 0
26 0
28 1
44 1
17 1
33 2
41 2
76 3
34 4
74 5
49 4
83 6
27 7
62 7
63 8
88 9
88 10
74 11
37 8
63 12
14 4
81 13
78 14
87 15
53 16
98 17
88 18
2 17
12 9
98 19
85 20
37 12
2 19
37 16
100 21
91 22
54 23
44 23
17 6
2 23
23 3
86 24
15 20
9 22
36 25
38 25
80 26
83 27
25 2
10 16
13 15
25 5
33 28
58 28
71 29
26 11
95 30
97 31
10 1
73 32
52 33
1 1
73 34
10 7
13 24
32 33
25 25
91 35
100 36
48 37
97 38
6 28
46 37
49 39
96 40
96 41
9 35
82 42
14 33
52 43
83 44
88 45
10 10
58 46
39 46
22 14
19 13
60 47
1 2
65 48
70 49
69 50
100 51
10 18
5 30
2 10
18 42
15 27
86 52

22 48 26 96
28 44 17 10 1 100
33 41 25 1 100
76 23 99
34 49 14 97
74 25 99
83 17 100
27 62 10 99
63 37 100
88 12 100
88 10 2 100
74 26 100
63 37 100
81 19 100
78 22 100
87 13 100
53 37 10 100
98 2 100
88 10 98
98 2 100
85 15 100
100 100
91 9 100
54 44 2 100
86 13 99
36 38 25 99
80 80
83 15 98
33 58 6 97
71 71
95 5 100
97 97
73 73
52 32 14 98
73 73
91 9 100
100 100
48 46 94
97 97
49 49
96 96
96 96
82 18 100
52 52
83 83
88 88
58 39 97
60 60
65 65
70 70
69 69
100 100
86 86

First Fit Decreasing:
100 0
100 1
100 2
98 3
98 4
97 5
97 6
96 7
96 8
95 9
91 10
91 11
88 12
88 13
88 14
88 15
87 16
86 17
86 18
85 19
83 20
83 21
83 22
82 23
81 24
80 25
78 26
76 27
74 28
74 29
73 30
73 31
71 32
70 33
69 34
65 35
63 36
63 37
62 38
60 39
58 40
58 41
54 42
53 43
52 44
52 45
49 46
49 46
48 44
48 45
46 42
44 43
44 47
41 40
39 39
38 38
37 36
37 37
37 41
36 47
34 35
33 48
33 48
32 48
28 32
27 30
26 28
26 29
25 31
25 33
25 34
23 27
22 26
22 49
19 24
18 23
17 20
17 21
15 19
15 22
14 17
14 18
13 16
13 25
12 12
10 13
10 14
10 15
10 47
10 47
9 10
9 11
6 25
5 9
2 3
2 4
2 5
2 6
1 5
1 6

100 100
100 100
100 100
98 2 100
98 2 100
97 2 1 100
97 2 1 100
96 96
96 96
95 5 100
91 9 100
91 9 100
88 12 100
88 10 98
88 10 98
88 10 98
87 13 100
86 14 100
86 14 100
85 15 100
83 17 100
83 17 100
83 15 98
82 18 100
81 19 100
80 13 6 99
78 22 100
76 23 99
74 26 100
74 26 100
73 27 100
73 25 98
71 28 99
70 25 95
69 25 94
65 34 99
63 37 100
63 37 100
62 38 100
60 39 99
58 41 99
58 37 95
54 46 100
53 44 97
52 48 100
52 48 100
49 49 98
44 36 10 10 100
33 33 32 98
22 22

Best Fit Decreasing:
100 0
100 1
100 2
98 3
98 4
97 5
97 6
96 7
96 8
95 9
91 10
91 11
88 12
88 13
88 14
88 15
87 16
86 17
86 18
85 19
83 20
83 21
83 22
82 23
81 24
80 25
78 26
76 27
74 28
74 29
73 30
73 31
71 32
70 33
69 34
65 35
63 36
63 37
62 38
60 39
58 40
58 41
54 42
53 43
52 44
52 45
49 46
49 46
48 44
48 45
46 42
44 43
44 47
41 40
39 39
38 38
37 36
37 37
37 41
36 47
34 35
33 48
33 48
32 48
28 32
27 30
26 28
26 29
25 31
25 33
25 34
23 27
22 26
22 49
19 24
18 23
17 20
17 21
15 19
15 22
14 17
14 18
13 16
13 25
12 12
10 13
10 14
10 15
10 47
10 47
9 10
9 11
6 34
5 9
2 3
2 4
2 13
2 14
1 27
1 32

100 100
100 100
100 100
98 2 100
98 2 100
97 97
97 97
96 96
96 96
95 5 100
91 9 100
91 9 100
88 12 100
88 10 2 100
88 10 2 100
88 10 98
87 13 100
86 14 100
86 14 100
85 15 100
83 17 100
83 17 100
83 15 98
82 18 100
81 19 100
80 13 93
78 22 100
76 23 1 100
74 26 100
74 26 100
73 27 100
73 25 98
71 28 1 100
70 25 95
69 25 6 100
65 34 99
63 37 100
63 37 100
62 38 100
60 39 99
58 41 99
58 37 95
54 46 100
53 44 97
52 48 100
52 48 100
49 49 98
44 36 10 10 100
33 33 32 98
22 22

*Experiment #2*
22
48
26
28
44
17
33
41
76
34
74
49
83
27
62
63
88
88
74
37
63
14
81
78
87
53
98
88
2
12
98
85
37
2
37
100
91
54
44
17
2
23
86
15
9
36
38
80
83
25
10
13
25
33
58
71
26
95
97
10
73
52
1
73
10
13
32
25
91
100
48
97
6
46
49
96
96
9
82
14
52
83
88
10
58
39
22
19
60
1
65
70
69
100
10
5
2
18
15
86

Next Fit:
22 0
48 0
26 0
28 1
44 1
17 1
33 2
41 2
76 3
34 4
74 5
49 6
83 7
27 8
62 8
63 9
88 10
88 11
74 12
37 13
63 13
14 14
81 14
78 15
87 16
53 17
98 18
88 19
2 19
12 20
98 21
85 22
37 23
2 23
37 23
100 24
91 25
54 26
44 26
17 27
2 27
23 27
86 28
15 29
9 29
36 29
38 29
80 30
83 31
25 32
10 32
13 32
25 32
33 33
58 33
71 34
26 34
95 35
97 36
10 37
73 37
52 38
1 38
73 39
10 39
13 39
32 40
25 40
91 41
100 42
48 43
97 44
6 45
46 45
49 46
96 47
96 48
9 49
82 49
14 50
52 50
83 51
88 52
10 52
58 53
39 53
22 54
19 54
60 55
1 55
65 56
70 57
69 58
100 59
10 60
5 60
2 60
18 60
15 60
86 61

22 48 26 96
28 44 17 89
33 41 74
76 76
34 34
74 74
49 49
83 83
27 62 89
63 63
88 88
88 88
74 74
37 63 100
14 81 95
78 78
87 87
53 53
98 98
88 2 90
12 12
98 98
85 85
37 2 37 76
100 100
91 91
54 44 98
17 2 23 42
86 86
15 9 36 38 98
80 80
83 83
25 10 13 25 73
33 58 91
71 26 97
95 95
97 97
10 73 83
52 1 53
73 10 13 96
32 25 57
91 91
100 100
48 48
97 97
6 46 52
49 49
96 96
96 96
9 82 91
14 52 66
83 83
88 10 98
58 39 97
22 19 41
60 1 61
65 65
70 70
69 69
100 100
10 5 2 18 15 50
86 86

First Fit:
22 0
48 0
26 0
28 1
44 1
17 1
33 2
41 2
76 3
34 4
74 5
49 4
83 6
27 7
62 7
63 8
88 9
88 10
74 11
37 8
63 12
14 2
81 13
78 14
87 15
53 16
98 17
88 18
2 0
12 2
98 19
85 20
37 12
2 0
37 16
100 21
91 22
54 23
44 23
17 3
2 1
23 5
86 24
15 4
9 1
36 25
38 25
80 26
83 27
25 11
10 6
13 13
25 25
33 28
58 28
71 29
26 29
95 30
97 31
10 7
73 32
52 33
1 3
73 34
10 9
13 14
32 33
25 32
91 35
100 36
48 37
97 38
6 3
46 37
49 39
96 40
96 41
9 10
82 42
14 20
52 43
83 44
88 45
10 15
58 46
39 39
22 34
19 26
60 47
1 4
65 48
70 49
69 50
100 51
10 16
5 6
2 5
18 42
15 27
86 52

22 48 26 2 2 100
28 44 17 2 9 100
33 41 14 12 100
76 17 1 6 100
34 49 15 1 99
74 23 2 99
83 10 5 98
27 62 10 99
63 37 100
88 10 98
88 9 97
74 25 99
63 37 100
81 13 94
78 13 91
87 10 97
53 37 10 100
98 98
88 88
98 98
85 14 99
100 100
91 91
54 44 98
86 86
36 38 25 99
80 19 99
83 15 98
33 58 91
71 26 97
95 95
97 97
73 25 98
52 32 84
73 22 95
91 91
100 100
48 46 94
97 97
49 39 88
96 96
96 96
82 18 100
52 52
83 83
88 88
58 58
60 60
65 65
70 70
69 69
100 100
86 86

Best Fit:
22 0
48 0
26 0
28 1
44 1
17 1
33 2
41 2
76 3
34 4
74 5
49 4
83 6
27 7
62 7
63 8
88 9
88 10
74 11
37 8
63 12
14 4
81 13
78 14
87 15
53 16
98 17
88 18
2 17
12 9
98 19
85 20
37 12
2 19
37 16
100 21
91 22
54 23
44 23
17 6
2 23
23 3
86 24
15 20
9 22
36 25
38 25
80 26
83 27
25 2
10 16
13 15
25 5
33 28
58 28
71 29
26 11
95 30
97 31
10 1
73 32
52 33
1 1
73 34
10 7
13 24
32 33
25 25
91 35
100 36
48 37
97 38
6 28
46 37
49 39
96 40
96 41
9 35
82 42
14 33
52 43
83 44
88 45
10 10
58 46
39 46
22 14
19 13
60 47
1 2
65 48
70 49
69 50
100 51
10 18
5 30
2 10
18 42
15 27
86 52

22 48 26 96
28 44 17 10 1 100
33 41 25 1 100
76 23 99
34 49 14 97
74 25 99
83 17 100
27 62 10 99
63 37 100
88 12 100
88 10 2 100
74 26 100
63 37 100
81 19 100
78 22 100
87 13 100
53 37 10 100
98 2 100
88 10 98
98 2 100
85 15 100
100 100
91 9 100
54 44 2 100
86 13 99
36 38 25 99
80 80
83 15 98
33 58 6 97
71 71
95 5 100
97 97
73 73
52 32 14 98
73 73
91 9 100
100 100
48 46 94
97 97
49 49
96 96
96 96
82 18 100
52 52
83 83
88 88
58 39 97
60 60
65 65
70 70
69 69
100 100
86 86

First Fit Decreasing:
100 0
100 1
100 2
98 3
98 4
97 5
97 6
96 7
96 8
95 9
91 10
91 11
88 12
88 13
88 14
88 15
87 16
86 17
86 18
85 19
83 20
83 21
83 22
82 23
81 24
80 25
78 26
76 27
74 28
74 29
73 30
73 31
71 32
70 33
69 34
65 35
63 36
63 37
62 38
60 39
58 40
58 41
54 42
53 43
52 44
52 45
49 46
49 46
48 44
48 45
46 42
44 43
44 47
41 40
39 39
38 38
37 36
37 37
37 41
36 47
34 35
33 48
33 48
32 48
28 32
27 30
26 28
26 29
25 31
25 33
25 34
23 27
22 26
22 49
19 24
18 23
17 20
17 21
15 19
15 22
14 17
14 18
13 16
13 25
12 12
10 13
10 14
10 15
10 47
10 47
9 10
9 11
6 25
5 9
2 3
2 4
2 5
2 6
1 5
1 6

100 100
100 100
100 100
98 2 100
98 2 100
97 2 1 100
97 2 1 100
96 96
96 96
95 5 100
91 9 100
91 9 100
88 12 100
88 10 98
88 10 98
88 10 98
87 13 100
86 14 100
86 14 100
85 15 100
83 17 100
83 17 100
83 15 98
82 18 100
81 19 100
80 13 6 99
78 22 100
76 23 99
74 26 100
74 26 100
73 27 100
73 25 98
71 28 99
70 25 95
69 25 94
65 34 99
63 37 100
63 37 100
62 38 100
60 39 99
58 41 99
58 37 95
54 46 100
53 44 97
52 48 100
52 48 100
49 49 98
44 36 10 10 100
33 33 32 98
22 22

Best Fit Decreasing:
100 0
100 1
100 2
98 3
98 4
97 5
97 6
96 7
96 8
95 9
91 10
91 11
88 12
88 13
88 14
88 15
87 16
86 17
86 18
85 19
83 20
83 21
83 22
82 23
81 24
80 25
78 26
76 27
74 28
74 29
73 30
73 31
71 32
70 33
69 34
65 35
63 36
63 37
62 38
60 39
58 40
58 41
54 42
53 43
52 44
52 45
49 46
49 46
48 44
48 45
46 42
44 43
44 47
41 40
39 39
38 38
37 36
37 37
37 41
36 47
34 35
33 48
33 48
32 48
28 32
27 30
26 28
26 29
25 31
25 33
25 34
23 27
22 26
22 49
19 24
18 23
17 20
17 21
15 19
15 22
14 17
14 18
13 16
13 25
12 12
10 13
10 14
10 15
10 47
10 47
9 10
9 11
6 34
5 9
2 3
2 4
2 13
2 14
1 27
1 32

100 100
100 100
100 100
98 2 100
98 2 100
97 97
97 97
96 96
96 96
95 5 100
91 9 100
91 9 100
88 12 100
88 10 2 100
88 10 2 100
88 10 98
87 13 100
86 14 100
86 14 100
85 15 100
83 17 100
83 17 100
83 15 98
82 18 100
81 19 100
80 13 93
78 22 100
76 23 1 100
74 26 100
74 26 100
73 27 100
73 25 98
71 28 1 100
70 25 95
69 25 6 100
65 34 99
63 37 100
63 37 100
62 38 100
60 39 99
58 41 99
58 37 95
54 46 100
53 44 97
52 48 100
52 48 100
49 49 98
44 36 10 10 100
33 33 32 98
22 22

*Experiment #3*
22
48
26
28
44
17
33
41
76
34
74
49
83
27
62
63
88
88
74
37
63
14
81
78
87
53
98
88
2
12
98
85
37
2
37
100
91
54
44
17
2
23
86
15
9
36
38
80
83
25
10
13
25
33
58
71
26
95
97
10
73
52
1
73
10
13
32
25
91
100
48
97
6
46
49
96
96
9
82
14
52
83
88
10
58
39
22
19
60
1
65
70
69
100
10
5
2
18
15
86

Next Fit:
22 0
48 0
26 0
28 1
44 1
17 1
33 2
41 2
76 3
34 4
74 5
49 6
83 7
27 8
62 8
63 9
88 10
88 11
74 12
37 13
63 13
14 14
81 14
78 15
87 16
53 17
98 18
88 19
2 19
12 20
98 21
85 22
37 23
2 23
37 23
100 24
91 25
54 26
44 26
17 27
2 27
23 27
86 28
15 29
9 29
36 29
38 29
80 30
83 31
25 32
10 32
13 32
25 32
33 33
58 33
71 34
26 34
95 35
97 36
10 37
73 37
52 38
1 38
73 39
10 39
13 39
32 40
25 40
91 41
100 42
48 43
97 44
6 45
46 45
49 46
96 47
96 48
9 49
82 49
14 50
52 50
83 51
88 52
10 52
58 53
39 53
22 54
19 54
60 55
1 55
65 56
70 57
69 58
100 59
10 60
5 60
2 60
18 60
15 60
86 61

22 48 26 96
28 44 17 89
33 41 74
76 76
34 34
74 74
49 49
83 83
27 62 89
63 63
88 88
88 88
74 74
37 63 100
14 81 95
78 78
87 87
53 53
98 98
88 2 90
12 12
98 98
85 85
37 2 37 76
100 100
91 91
54 44 98
17 2 23 42
86 86
15 9 36 38 98
80 80
83 83
25 10 13 25 73
33 58 91
71 26 97
95 95
97 97
10 73 83
52 1 53
73 10 13 96
32 25 57
91 91
100 100
48 48
97 97
6 46 52
49 49
96 96
96 96
9 82 91
14 52 66
83 83
88 10 98
58 39 97
22 19 41
60 1 61
65 65
70 70
69 69
100 100
10 5 2 18 15 50
86 86

First Fit:
22 0
48 0
26 0
28 1
44 1
17 1
33 2
41 2
76 3
34 4
74 5
49 4
83 6
27 7
62 7
63 8
88 9
88 10
74 11
37 8
63 12
14 2
81 13
78 14
87 15
53 16
98 17
88 18
2 0
12 2
98 19
85 20
37 12
2 0
37 16
100 21
91 22
54 23
44 23
17 3
2 1
23 5
86 24
15 4
9 1
36 25
38 25
80 26
83 27
25 11
10 6
13 13
25 25
33 28
58 28
71 29
26 29
95 30
97 31
10 7
73 32
52 33
1 3
73 34
10 9
13 14
32 33
25 32
91 35
100 36
48 37
97 38
6 3
46 37
49 39
96 40
96 41
9 10
82 42
14 20
52 43
83 44
88 45
10 15
58 46
39 39
22 34
19 26
60 47
1 4
65 48
70 49
69 50
100 51
10 16
5 6
2 5
18 42
15 27
86 52

22 48 26 2 2 100
28 44 17 2 9 100
33 41 14 12 100
76 17 1 6 100
34 49 15 1 99
74 23 2 99
83 10 5 98
27 62 10 99
63 37 100
88 10 98
88 9 97
74 25 99
63 37 100
81 13 94
78 13 91
87 10 97
53 37 10 100
98 98
88 88
98 98
85 14 99
100 100
91 91
54 44 98
86 86
36 38 25 99
80 19 99
83 15 98
33 58 91
71 26 97
95 95
97 97
73 25 98
52 32 84
73 22 95
91 91
100 100
48 46 94
97 97
49 39 88
96 96
96 96
82 18 100
52 52
83 83
88 88
58 58
60 60
65 65
70 70
69 69
100 100
86 86

Best Fit:
22 0
48 0
26 0
28 1
44 1
17 1
33 2
41 2
76 3
34 4
74 5
49 4
83 6
27 7
62 7
63 8
88 9
88 10
74 11
37 8
63 12
14 4
81 13
78 14
87 15
53 16
98 17
88 18
2 17
12 9
98 19
85 20
37 12
2 19
37 16
100 21
91 22
54 23
44 23
17 6
2 23
23 3
86 24
15 20
9 22
36 25
38 25
80 26
83 27
25 2
10 16
13 15
25 5
33 28
58 28
71 29
26 11
95 30
97 31
10 1
73 32
52 33
1 1
73 34
10 7
13 24
32 33
25 25
91 35
100 36
48 37
97 38
6 28
46 37
49 39
96 40
96 41
9 35
82 42
14 33
52 43
83 44
88 45
10 10
58 46
39 46
22 14
19 13
60 47
1 2
65 48
70 49
69 50
100 51
10 18
5 30
2 10
18 42
15 27
86 52

22 48 26 96
28 44 17 10 1 100
33 41 25 1 100
76 23 99
34 49 14 97
74 25 99
83 17 100
27 62 10 99
63 37 100
88 12 100
88 10 2 100
74 26 100
63 37 100
81 19 100
78 22 100
87 13 100
53 37 10 100
98 2 100
88 10 98
98 2 100
85 15 100
100 100
91 9 100
54 44 2 100
86 13 99
36 38 25 99
80 80
83 15 98
33 58 6 97
71 71
95 5 100
97 97
73 73
52 32 14 98
73 73
91 9 100
100 100
48 46 94
97 97
49 49
96 96
96 96
82 18 100
52 52
83 83
88 88
58 39 97
60 60
65 65
70 70
69 69
100 100
86 86

First Fit Decreasing:
100 0
100 1
100 2
98 3
98 4
97 5
97 6
96 7
96 8
95 9
91 10
91 11
88 12
88 13
88 14
88 15
87 16
86 17
86 18
85 19
83 20
83 21
83 22
82 23
81 24
80 25
78 26
76 27
74 28
74 29
73 30
73 31
71 32
70 33
69 34
65 35
63 36
63 37
62 38
60 39
58 40
58 41
54 42
53 43
52 44
52 45
49 46
49 46
48 44
48 45
46 42
44 43
44 47
41 40
39 39
38 38
37 36
37 37
37 41
36 47
34 35
33 48
33 48
32 48
28 32
27 30
26 28
26 29
25 31
25 33
25 34
23 27
22 26
22 49
19 24
18 23
17 20
17 21
15 19
15 22
14 17
14 18
13 16
13 25
12 12
10 13
10 14
10 15
10 47
10 47
9 10
9 11
6 25
5 9
2 3
2 4
2 5
2 6
1 5
1 6

100 100
100 100
100 100
98 2 100
98 2 100
97 2 1 100
97 2 1 100
96 96
96 96
95 5 100
91 9 100
91 9 100
88 12 100
88 10 98
88 10 98
88 10 98
87 13 100
86 14 100
86 14 100
85 15 100
83 17 100
83 17 100
83 15 98
82 18 100
81 19 100
80 13 6 99
78 22 100
76 23 99
74 26 100
74 26 100
73 27 100
73 25 98
71 28 99
70 25 95
69 25 94
65 34 99
63 37 100
63 37 100
62 38 100
60 39 99
58 41 99
58 37 95
54 46 100
53 44 97
52 48 100
52 48 100
49 49 98
44 36 10 10 100
33 33 32 98
22 22

Best Fit Decreasing:
100 0
100 1
100 2
98 3
98 4
97 5
97 6
96 7
96 8
95 9
91 10
91 11
88 12
88 13
88 14
88 15
87 16
86 17
86 18
85 19
83 20
83 21
83 22
82 23
81 24
80 25
78 26
76 27
74 28
74 29
73 30
73 31
71 32
70 33
69 34
65 35
63 36
63 37
62 38
60 39
58 40
58 41
54 42
53 43
52 44
52 45
49 46
49 46
48 44
48 45
46 42
44 43
44 47
41 40
39 39
38 38
37 36
37 37
37 41
36 47
34 35
33 48
33 48
32 48
28 32
27 30
26 28
26 29
25 31
25 33
25 34
23 27
22 26
22 49
19 24
18 23
17 20
17 21
15 19
15 22
14 17
14 18
13 16
13 25
12 12
10 13
10 14
10 15
10 47
10 47
9 10
9 11
6 34
5 9
2 3
2 4
2 13
2 14
1 27
1 32

100 100
100 100
100 100
98 2 100
98 2 100
97 97
97 97
96 96
96 96
95 5 100
91 9 100
91 9 100
88 12 100
88 10 2 100
88 10 2 100
88 10 98
87 13 100
86 14 100
86 14 100
85 15 100
83 17 100
83 17 100
83 15 98
82 18 100
81 19 100
80 13 93
78 22 100
76 23 1 100
74 26 100
74 26 100
73 27 100
73 25 98
71 28 1 100
70 25 95
69 25 6 100
65 34 99
63 37 100
63 37 100
62 38 100
60 39 99
58 41 99
58 37 95
54 46 100
53 44 97
52 48 100
52 48 100
49 49 98
44 36 10 10 100
33 33 32 98
22 22

*Experiment #4*
22
48
26
28
44
17
33
41
76
34
74
49
83
27
62
63
88
88
74
37
63
14
81
78
87
53
98
88
2
12
98
85
37
2
37
100
91
54
44
17
2
23
86
15
9
36
38
80
83
25
10
13
25
33
58
71
26
95
97
10
73
52
1
73
10
13
32
25
91
100
48
97
6
46
49
96
96
9
82
14
52
83
88
10
58
39
22
19
60
1
65
70
69
100
10
5
2
18
15
86

Next Fit:
22 0
48 0
26 0
28 1
44 1
17 1
33 2
41 2
76 3
34 4
74 5
49 6
83 7
27 8
62 8
63 9
88 10
88 11
74 12
37 13
63 13
14 14
81 14
78 15
87 16
53 17
98 18
88 19
2 19
12 20
98 21
85 22
37 23
2 23
37 23
100 24
91 25
54 26
44 26
17 27
2 27
23 27
86 28
15 29
9 29
36 29
38 29
80 30
83 31
25 32
10 32
13 32
25 32
33 33
58 33
71 34
26 34
95 35
97 36
10 37
73 37
52 38
1 38
73 39
10 39
13 39
32 40
25 40
91 41
100 42
48 43
97 44
6 45
46 45
49 46
96 47
96 48
9 49
82 49
14 50
52 50
83 51
88 52
10 52
58 53
39 53
22 54
19 54
60 55
1 55
65 56
70 57
69 58
100 59
10 60
5 60
2 60
18 60
15 60
86 61

22 48 26 96
28 44 17 89
33 41 74
76 76
34 34
74 74
49 49
83 83
27 62 89
63 63
88 88
88 88
74 74
37 63 100
14 81 95
78 78
87 87
53 53
98 98
88 2 90
12 12
98 98
85 85
37 2 37 76
100 100
91 91
54 44 98
17 2 23 42
86 86
15 9 36 38 98
80 80
83 83
25 10 13 25 73
33 58 91
71 26 97
95 95
97 97
10 73 83
52 1 53
73 10 13 96
32 25 57
91 91
100 100
48 48
97 97
6 46 52
49 49
96 96
96 96
9 82 91
14 52 66
83 83
88 10 98
58 39 97
22 19 41
60 1 61
65 65
70 70
69 69
100 100
10 5 2 18 15 50
86 86

First Fit:
22 0
48 0
26 0
28 1
44 1
17 1
33 2
41 2
76 3
34 4
74 5
49 4
83 6
27 7
62 7
63 8
88 9
88 10
74 11
37 8
63 12
14 2
81 13
78 14
87 15
53 16
98 17
88 18
2 0
12 2
98 19
85 20
37 12
2 0
37 16
100 21
91 22
54 23
44 23
17 3
2 1
23 5
86 24
15 4
9 1
36 25
38 25
80 26
83 27
25 11
10 6
13 13
25 25
33 28
58 28
71 29
26 29
95 30
97 31
10 7
73 32
52 33
1 3
73 34
10 9
13 14
32 33
25 32
91 35
100 36
48 37
97 38
6 3
46 37
49 39
96 40
96 41
9 10
82 42
14 20
52 43
83 44
88 45
10 15
58 46
39 39
22 34
19 26
60 47
1 4
65 48
70 49
69 50
100 51
10 16
5 6
2 5
18 42
15 27
86 52

22 48 26 2 2 100
28 44 17 2 9 100
33 41 14 12 100
76 17 1 6 100
34 49 15 1 99
74 23 2 99
83 10 5 98
27 62 10 99
63 37 100
88 10 98
88 9 97
74 25 99
63 37 100
81 13 94
78 13 91
87 10 97
53 37 10 100
98 98
88 88
98 98
85 14 99
100 100
91 91
54 44 98
86 86
36 38 25 99
80 19 99
83 15 98
33 58 91
71 26 97
95 95
97 97
73 25 98
52 32 84
73 22 95
91 91
100 100
48 46 94
97 97
49 39 88
96 96
96 96
82 18 100
52 52
83 83
88 88
58 58
60 60
65 65
70 70
69 69
100 100
86 86

Best Fit:
22 0
48 0
26 0
28 1
44 1
17 1
33 2
41 2
76 3
34 4
74 5
49 4
83 6
27 7
62 7
63 8
88 9
88 10
74 11
37 8
63 12
14 4
81 13
78 14
87 15
53 16
98 17
88 18
2 17
12 9
98 19
85 20
37 12
2 19
37 16
100 21
91 22
54 23
44 23
17 6
2 23
23 3
86 24
15 20
9 22
36 25
38 25
80 26
83 27
25 2
10 16
13 15
25 5
33 28
58 28
71 29
26 11
95 30
97 31
10 1
73 32
52 33
1 1
73 34
10 7
13 24
32 33
25 25
91 35
100 36
48 37
97 38
6 28
46 37
49 39
96 40
96 41
9 35
82 42
14 33
52 43
83 44
88 45
10 10
58 46
39 46
22 14
19 13
60 47
1 2
65 48
70 49
69 50
100 51
10 18
5 30
2 10
18 42
15 27
86 52

22 48 26 96
28 44 17 10 1 100
33 41 25 1 100
76 23 99
34 49 14 97
74 25 99
83 17 100
27 62 10 99
63 37 100
88 12 100
88 10 2 100
74 26 100
63 37 100
81 19 100
78 22 100
87 13 100
53 37 10 100
98 2 100
88 10 98
98 2 100
85 15 100
100 100
91 9 100
54 44 2 100
86 13 99
36 38 25 99
80 80
83 15 98
33 58 6 97
71 71
95 5 100
97 97
73 73
52 32 14 98
73 73
91 9 100
100 100
48 46 94
97 97
49 49
96 96
96 96
82 18 100
52 52
83 83
88 88
58 39 97
60 60
65 65
70 70
69 69
100 100
86 86

First Fit Decreasing:
100 0
100 1
100 2
98 3
98 4
97 5
97 6
96 7
96 8
95 9
91 10
91 11
88 12
88 13
88 14
88 15
87 16
86 17
86 18
85 19
83 20
83 21
83 22
82 23
81 24
80 25
78 26
76 27
74 28
74 29
73 30
73 31
71 32
70 33
69 34
65 35
63 36
63 37
62 38
60 39
58 40
58 41
54 42
53 43
52 44
52 45
49 46
49 46
48 44
48 45
46 42
44 43
44 47
41 40
39 39
38 38
37 36
37 37
37 41
36 47
34 35
33 48
33 48
32 48
28 32
27 30
26 28
26 29
25 31
25 33
25 34
23 27
22 26
22 49
19 24
18 23
17 20
17 21
15 19
15 22
14 17
14 18
13 16
13 25
12 12
10 13
10 14
10 15
10 47
10 47
9 10
9 11
6 25
5 9
2 3
2 4
2 5
2 6
1 5
1 6

100 100
100 100
100 100
98 2 100
98 2 100
97 2 1 100
97 2 1 100
96 96
96 96
95 5 100
91 9 100
91 9 100
88 12 100
88 10 98
88 10 98
88 10 98
87 13 100
86 14 100
86 14 100
85 15 100
83 17 100
83 17 100
83 15 98
82 18 100
81 19 100
80 13 6 99
78 22 100
76 23 99
74 26 100
74 26 100
73 27 100
73 25 98
71 28 99
70 25 95
69 25 94
65 34 99
63 37 100
63 37 100
62 38 100
60 39 99
58 41 99
58 37 95
54 46 100
53 44 97
52 48 100
52 48 100
49 49 98
44 36 10 10 100
33 33 32 98
22 22

Best Fit Decreasing:
100 0
100 1
100 2
98 3
98 4
97 5
97 6
96 7
96 8
95 9
91 10
91 11
88 12
88 13
88 14
88 15
87 16
86 17
86 18
85 19
83 20
83 21
83 22
82 23
81 24
80 25
78 26
76 27
74 28
74 29
73 30
73 31
71 32
70 33
69 34
65 35
63 36
63 37
62 38
60 39
58 40
58 41
54 42
53 43
52 44
52 45
49 46
49 46
48 44
48 45
46 42
44 43
44 47
41 40
39 39
38 38
37 36
37 37
37 41
36 47
34 35
33 48
33 48
32 48
28 32
27 30
26 28
26 29
25 31
25 33
25 34
23 27
22 26
22 49
19 24
18 23
17 20
17 21
15 19
15 22
14 17
14 18
13 16
13 25
12 12
10 13
10 14
10 15
10 47
10 47
9 10
9 11
6 34
5 9
2 3
2 4
2 13
2 14
1 27
1 32

100 100
100 100
100 100
98 2 100
98 2 100
97 97
97 97
96 96
96 96
95 5 100
91 9 100
91 9 100
88 12 100
88 10 2 100
88 10 2 100
88 10 98
87 13 100
86 14 100
86 14 100
85 15 100
83 17 100
83 17 100
83 15 98
82 18 100
81 19 100
80 13 93
78 22 100
76 23 1 100
74 26 100
74 26 100
73 27 100
73 25 98
71 28 1 100
70 25 95
69 25 6 100
65 34 99
63 37 100
63 37 100
62 38 100
60 39 99
58 41 99
58 37 95
54 46 100
53 44 97
52 48 100
52 48 100
49 49 98
44 36 10 10 100
33 33 32 98
22 22

*Experiment #5*
22
48
26
28
44
17
33
41
76
34
74
49
83
27
62
63
88
88
74
37
63
14
81
78
87
53
98
88
2
12
98
85
37
2
37
100
91
54
44
17
2
23
86
15
9
36
38
80
83
25
10
13
25
33
58
71
26
95
97
10
73
52
1
73
10
13
32
25
91
100
48
97
6
46
49
96
96
9
82
14
52
83
88
10
58
39
22
19
60
1
65
70
69
100
10
5
2
18
15
86

Next Fit:
22 0
48 0
26 0
28 1
44 1
17 1
33 2
41 2
76 3
34 4
74 5
49 6
83 7
27 8
62 8
63 9
88 10
88 11
74 12
37 13
63 13
14 14
81 14
78 15
87 16
53 17
98 18
88 19
2 19
12 20
98 21
85 22
37 23
2 23
37 23
100 24
91 25
54 26
44 26
17 27
2 27
23 27
86 28
15 29
9 29
36 29
38 29
80 30
83 31
25 32
10 32
13 32
25 32
33 33
58 33
71 34
26 34
95 35
97 36
10 37
73 37
52 38
1 38
73 39
10 39
13 39
32 40
25 40
91 41
100 42
48 43
97 44
6 45
46 45
49 46
96 47
96 48
9 49
82 49
14 50
52 50
83 51
88 52
10 52
58 53
39 53
22 54
19 54
60 55
1 55
65 56
70 57
69 58
100 59
10 60
5 60
2 60
18 60
15 60
86 61

22 48 26 96
28 44 17 89
33 41 74
76 76
34 34
74 74
49 49
83 83
27 62 89
63 63
88 88
88 88
74 74
37 63 100
14 81 95
78 78
87 87
53 53
98 98
88 2 90
12 12
98 98
85 85
37 2 37 76
100 100
91 91
54 44 98
17 2 23 42
86 86
15 9 36 38 98
80 80
83 83
25 10 13 25 73
33 58 91
71 26 97
95 95
97 97
10 73 83
52 1 53
73 10 13 96
32 25 57
91 91
100 100
48 48
97 97
6 46 52
49 49
96 96
96 96
9 82 91
14 52 66
83 83
88 10 98
58 39 97
22 19 41
60 1 61
65 65
70 70
69 69
100 100
10 5 2 18 15 50
86 86

First Fit:
22 0
48 0
26 0
28 1
44 1
17 1
33 2
41 2
76 3
34 4
74 5
49 4
83 6
27 7
62 7
63 8
88 9
88 10
74 11
37 8
63 12
14 2
81 13
78 14
87 15
53 16
98 17
88 18
2 0
12 2
98 19
85 20
37 12
2 0
37 16
100 21
91 22
54 23
44 23
17 3
2 1
23 5
86 24
15 4
9 1
36 25
38 25
80 26
83 27
25 11
10 6
13 13
25 25
33 28
58 28
71 29
26 29
95 30
97 31
10 7
73 32
52 33
1 3
73 34
10 9
13 14
32 33
25 32
91 35
100 36
48 37
97 38
6 3
46 37
49 39
96 40
96 41
9 10
82 42
14 20
52 43
83 44
88 45
10 15
58 46
39 39
22 34
19 26
60 47
1 4
65 48
70 49
69 50
100 51
10 16
5 6
2 5
18 42
15 27
86 52

22 48 26 2 2 100
28 44 17 2 9 100
33 41 14 12 100
76 17 1 6 100
34 49 15 1 99
74 23 2 99
83 10 5 98
27 62 10 99
63 37 100
88 10 98
88 9 97
74 25 99
63 37 100
81 13 94
78 13 91
87 10 97
53 37 10 100
98 98
88 88
98 98
85 14 99
100 100
91 91
54 44 98
86 86
36 38 25 99
80 19 99
83 15 98
33 58 91
71 26 97
95 95
97 97
73 25 98
52 32 84
73 22 95
91 91
100 100
48 46 94
97 97
49 39 88
96 96
96 96
82 18 100
52 52
83 83
88 88
58 58
60 60
65 65
70 70
69 69
100 100
86 86

Best Fit:
22 0
48 0
26 0
28 1
44 1
17 1
33 2
41 2
76 3
34 4
74 5
49 4
83 6
27 7
62 7
63 8
88 9
88 10
74 11
37 8
63 12
14 4
81 13
78 14
87 15
53 16
98 17
88 18
2 17
12 9
98 19
85 20
37 12
2 19
37 16
100 21
91 22
54 23
44 23
17 6
2 23
23 3
86 24
15 20
9 22
36 25
38 25
80 26
83 27
25 2
10 16
13 15
25 5
33 28
58 28
71 29
26 11
95 30
97 31
10 1
73 32
52 33
1 1
73 34
10 7
13 24
32 33
25 25
91 35
100 36
48 37
97 38
6 28
46 37
49 39
96 40
96 41
9 35
82 42
14 33
52 43
83 44
88 45
10 10
58 46
39 46
22 14
19 13
60 47
1 2
65 48
70 49
69 50
100 51
10 18
5 30
2 10
18 42
15 27
86 52

22 48 26 96
28 44 17 10 1 100
33 41 25 1 100
76 23 99
34 49 14 97
74 25 99
83 17 100
27 62 10 99
63 37 100
88 12 100
88 10 2 100
74 26 100
63 37 100
81 19 100
78 22 100
87 13 100
53 37 10 100
98 2 100
88 10 98
98 2 100
85 15 100
100 100
91 9 100
54 44 2 100
86 13 99
36 38 25 99
80 80
83 15 98
33 58 6 97
71 71
95 5 100
97 97
73 73
52 32 14 98
73 73
91 9 100
100 100
48 46 94
97 97
49 49
96 96
96 96
82 18 100
52 52
83 83
88 88
58 39 97
60 60
65 65
70 70
69 69
100 100
86 86

First Fit Decreasing:
100 0
100 1
100 2
98 3
98 4
97 5
97 6
96 7
96 8
95 9
91 10
91 11
88 12
88 13
88 14
88 15
87 16
86 17
86 18
85 19
83 20
83 21
83 22
82 23
81 24
80 25
78 26
76 27
74 28
74 29
73 30
73 31
71 32
70 33
69 34
65 35
63 36
63 37
62 38
60 39
58 40
58 41
54 42
53 43
52 44
52 45
49 46
49 46
48 44
48 45
46 42
44 43
44 47
41 40
39 39
38 38
37 36
37 37
37 41
36 47
34 35
33 48
33 48
32 48
28 32
27 30
26 28
26 29
25 31
25 33
25 34
23 27
22 26
22 49
19 24
18 23
17 20
17 21
15 19
15 22
14 17
14 18
13 16
13 25
12 12
10 13
10 14
10 15
10 47
10 47
9 10
9 11
6 25
5 9
2 3
2 4
2 5
2 6
1 5
1 6

100 100
100 100
100 100
98 2 100
98 2 100
97 2 1 100
97 2 1 100
96 96
96 96
95 5 100
91 9 100
91 9 100
88 12 100
88 10 98
88 10 98
88 10 98
87 13 100
86 14 100
86 14 100
85 15 100
83 17 100
83 17 100
83 15 98
82 18 100
81 19 100
80 13 6 99
78 22 100
76 23 99
74 26 100
74 26 100
73 27 100
73 25 98
71 28 99
70 25 95
69 25 94
65 34 99
63 37 100
63 37 100
62 38 100
60 39 99
58 41 99
58 37 95
54 46 100
53 44 97
52 48 100
52 48 100
49 49 98
44 36 10 10 100
33 33 32 98
22 22

Best Fit Decreasing:
100 0
100 1
100 2
98 3
98 4
97 5
97 6
96 7
96 8
95 9
91 10
91 11
88 12
88 13
88 14
88 15
87 16
86 17
86 18
85 19
83 20
83 21
83 22
82 23
81 24
80 25
78 26
76 27
74 28
74 29
73 30
73 31
71 32
70 33
69 34
65 35
63 36
63 37
62 38
60 39
58 40
58 41
54 42
53 43
52 44
52 45
49 46
49 46
48 44
48 45
46 42
44 43
44 47
41 40
39 39
38 38
37 36
37 37
37 41
36 47
34 35
33 48
33 48
32 48
28 32
27 30
26 28
26 29
25 31
25 33
25 34
23 27
22 26
22 49
19 24
18 23
17 20
17 21
15 19
15 22
14 17
14 18
13 16
13 25
12 12
10 13
10 14
10 15
10 47
10 47
9 10
9 11
6 34
5 9
2 3
2 4
2 13
2 14
1 27
1 32

100 100
100 100
100 100
98 2 100
98 2 100
97 97
97 97
96 96
96 96
95 5 100
91 9 100
91 9 100
88 12 100
88 10 2 100
88 10 2 100
88 10 98
87 13 100
86 14 100
86 14 100
85 15 100
83 17 100
83 17 100
83 15 98
82 18 100
81 19 100
80 13 93
78 22 100
76 23 1 100
74 26 100
74 26 100
73 27 100
73 25 98
71 28 1 100
70 25 95
69 25 6 100
65 34 99
63 37 100
63 37 100
62 38 100
60 39 99
58 41 99
58 37 95
54 46 100
53 44 97
52 48 100
52 48 100
49 49 98
44 36 10 10 100
33 33 32 98
22 22

*Experiment #6*
22
48
26
28
44
17
33
41
76
34
74
49
83
27
62
63
88
88
74
37
63
14
81
78
87
53
98
88
2
12
98
85
37
2
37
100
91
54
44
17
2
23
86
15
9
36
38
80
83
25
10
13
25
33
58
71
26
95
97
10
73
52
1
73
10
13
32
25
91
100
48
97
6
46
49
96
96
9
82
14
52
83
88
10
58
39
22
19
60
1
65
70
69
100
10
5
2
18
15
86

Next Fit:
22 0
48 0
26 0
28 1
44 1
17 1
33 2
41 2
76 3
34 4
74 5
49 6
83 7
27 8
62 8
63 9
88 10
88 11
74 12
37 13
63 13
14 14
81 14
78 15
87 16
53 17
98 18
88 19
2 19
12 20
98 21
85 22
37 23
2 23
37 23
100 24
91 25
54 26
44 26
17 27
2 27
23 27
86 28
15 29
9 29
36 29
38 29
80 30
83 31
25 32
10 32
13 32
25 32
33 33
58 33
71 34
26 34
95 35
97 36
10 37
73 37
52 38
1 38
73 39
10 39
13 39
32 40
25 40
91 41
100 42
48 43
97 44
6 45
46 45
49 46
96 47
96 48
9 49
82 49
14 50
52 50
83 51
88 52
10 52
58 53
39 53
22 54
19 54
60 55
1 55
65 56
70 57
69 58
100 59
10 60
5 60
2 60
18 60
15 60
86 61

22 48 26 96
28 44 17 89
33 41 74
76 76
34 34
74 74
49 49
83 83
27 62 89
63 63
88 88
88 88
74 74
37 63 100
14 81 95
78 78
87 87
53 53
98 98
88 2 90
12 12
98 98
85 85
37 2 37 76
100 100
91 91
54 44 98
17 2 23 42
86 86
15 9 36 38 98
80 80
83 83
25 10 13 25 73
33 58 91
71 26 97
95 95
97 97
10 73 83
52 1 53
73 10 13 96
32 25 57
91 91
100 100
48 48
97 97
6 46 52
49 49
96 96
96 96
9 82 91
14 52 66
83 83
88 10 98
58 39 97
22 19 41
60 1 61
65 65
70 70
69 69
100 100
10 5 2 18 15 50
86 86

First Fit:
22 0
48 0
26 0
28 1
44 1
17 1
33 2
41 2
76 3
34 4
74 5
49 4
83 6
27 7
62 7
63 8
88 9
88 10
74 11
37 8
63 12
14 2
81 13
78 14
87 15
53 16
98 17
88 18
2 0
12 2
98 19
85 20
37 12
2 0
37 16
100 21
91 22
54 23
44 23
17 3
2 1
23 5
86 24
15 4
9 1
36 25
38 25
80 26
83 27
25 11
10 6
13 13
25 25
33 28
58 28
71 29
26 29
95 30
97 31
10 7
73 32
52 33
1 3
73 34
10 9
13 14
32 33
25 32
91 35
100 36
48 37
97 38
6 3
46 37
49 39
96 40
96 41
9 10
82 42
14 20
52 43
83 44
88 45
10 15
58 46
39 39
22 34
19 26
60 47
1 4
65 48
70 49
69 50
100 51
10 16
5 6
2 5
18 42
15 27
86 52

22 48 26 2 2 100
28 44 17 2 9 100
33 41 14 12 100
76 17 1 6 100
34 49 15 1 99
74 23 2 99
83 10 5 98
27 62 10 99
63 37 100
88 10 98
88 9 97
74 25 99
63 37 100
81 13 94
78 13 91
87 10 97
53 37 10 100
98 98
88 88
98 98
85 14 99
100 100
91 91
54 44 98
86 86
36 38 25 99
80 19 99
83 15 98
33 58 91
71 26 97
95 95
97 97
73 25 98
52 32 84
73 22 95
91 91
100 100
48 46 94
97 97
49 39 88
96 96
96 96
82 18 100
52 52
83 83
88 88
58 58
60 60
65 65
70 70
69 69
100 100
86 86

Best Fit:
22 0
48 0
26 0
28 1
44 1
17 1
33 2
41 2
76 3
34 4
74 5
49 4
83 6
27 7
62 7
63 8
88 9
88 10
74 11
37 8
63 12
14 4
81 13
78 14
87 15
53 16
98 17
88 18
2 17
12 9
98 19
85 20
37 12
2 19
37 16
100 21
91 22
54 23
44 23
17 6
2 23
23 3
86 24
15 20
9 22
36 25
38 25
80 26
83 27
25 2
10 16
13 15
25 5
33 28
58 28
71 29
26 11
95 30
97 31
10 1
73 32
52 33
1 1
73 34
10 7
13 24
32 33
25 25
91 35
100 36
48 37
97 38
6 28
46 37
49 39
96 40
96 41
9 35
82 42
14 33
52 43
83 44
88 45
10 10
58 46
39 46
22 14
19 13
60 47
1 2
65 48
70 49
69 50
100 51
10 18
5 30
2 10
18 42
15 27
86 52

22 48 26 96
28 44 17 10 1 100
33 41 25 1 100
76 23 99
34 49 14 97
74 25 99
83 17 100
27 62 10 99
63 37 100
88 12 100
88 10 2 100
74 26 100
63 37 100
81 19 100
78 22 100
87 13 100
53 37 10 100
98 2 100
88 10 98
98 2 100
85 15 100
100 100
91 9 100
54 44 2 100
86 13 99
36 38 25 99
80 80
83 15 98
33 58 6 97
71 71
95 5 100
97 97
73 73
52 32 14 98
73 73
91 9 100
100 100
48 46 94
97 97
49 49
96 96
96 96
82 18 100
52 52
83 83
88 88
58 39 97
60 60
65 65
70 70
69 69
100 100
86 86

First Fit Decreasing:
100 0
100 1
100 2
98 3
98 4
97 5
97 6
96 7
96 8
95 9
91 10
91 11
88 12
88 13
88 14
88 15
87 16
86 17
86 18
85 19
83 20
83 21
83 22
82 23
81 24
80 25
78 26
76 27
74 28
74 29
73 30
73 31
71 32
70 33
69 34
65 35
63 36
63 37
62 38
60 39
58 40
58 41
54 42
53 43
52 44
52 45
49 46
49 46
48 44
48 45
46 42
44 43
44 47
41 40
39 39
38 38
37 36
37 37
37 41
36 47
34 35
33 48
33 48
32 48
28 32
27 30
26 28
26 29
25 31
25 33
25 34
23 27
22 26
22 49
19 24
18 23
17 20
17 21
15 19
15 22
14 17
14 18
13 16
13 25
12 12
10 13
10 14
10 15
10 47
10 47
9 10
9 11
6 25
5 9
2 3
2 4
2 5
2 6
1 5
1 6

100 100
100 100
100 100
98 2 100
98 2 100
97 2 1 100
97 2 1 100
96 96
96 96
95 5 100
91 9 100
91 9 100
88 12 100
88 10 98
88 10 98
88 10 98
87 13 100
86 14 100
86 14 100
85 15 100
83 17 100
83 17 100
83 15 98
82 18 100
81 19 100
80 13 6 99
78 22 100
76 23 99
74 26 100
74 26 100
73 27 100
73 25 98
71 28 99
70 25 95
69 25 94
65 34 99
63 37 100
63 37 100
62 38 100
60 39 99
58 41 99
58 37 95
54 46 100
53 44 97
52 48 100
52 48 100
49 49 98
44 36 10 10 100
33 33 32 98
22 22

Best Fit Decreasing:
100 0
100 1
100 2
98 3
98 4
97 5
97 6
96 7
96 8
95 9
91 10
91 11
88 12
88 13
88 14
88 15
87 16
86 17
86 18
85 19
83 20
83 21
83 22
82 23
81 24
80 25
78 26
76 27
74 28
74 29
73 30
73 31
71 32
70 33
69 34
65 35
63 36
63 37
62 38
60 39
58 40
58 41
54 42
53 43
52 44
52 45
49 46
49 46
48 44
48 45
46 42
44 43
44 47
41 40
39 39
38 38
37 36
37 37
37 41
36 47
34 35
33 48
33 48
32 48
28 32
27 30
26 28
26 29
25 31
25 33
25 34
23 27
22 26
22 49
19 24
18 23
17 20
17 21
15 19
15 22
14 17
14 18
13 16
13 25
12 12
10 13
10 14
10 15
10 47
10 47
9 10
9 11
6 34
5 9
2 3
2 4
2 13
2 14
1 27
1 32

100 100
100 100
100 100
98 2 100
98 2 100
97 97
97 97
96 96
96 96
95 5 100
91 9 100
91 9 100
88 12 100
88 10 2 100
88 10 2 100
88 10 98
87 13 100
86 14 100
86 14 100
85 15 100
83 17 100
83 17 100
83 15 98
82 18 100
81 19 100
80 13 93
78 22 100
76 23 1 100
74 26 100
74 26 100
73 27 100
73 25 98
71 28 1 100
70 25 95
69 25 6 100
65 34 99
63 37 100
63 37 100
62 38 100
60 39 99
58 41 99
58 37 95
54 46 100
53 44 97
52 48 100
52 48 100
49 49 98
44 36 10 10 100
33 33 32 98
22 22

*Experiment #7*
22
48
26
28
44
17
33
41
76
34
74
49
83
27
62
63
88
88
74
37
63
14
81
78
87
53
98
88
2
12
98
85
37
2
37
100
91
54
44
17
2
23
86
15
9
36
38
80
83
25
10
13
25
33
58
71
26
95
97
10
73
52
1
73
10
13
32
25
91
100
48
97
6
46
49
96
96
9
82
14
52
83
88
10
58
39
22
19
60
1
65
70
69
100
10
5
2
18
15
86

Next Fit:
22 0
48 0
26 0
28 1
44 1
17 1
33 2
41 2
76 3
34 4
74 5
49 6
83 7
27 8
62 8
63 9
88 10
88 11
74 12
37 13
63 13
14 14
81 14
78 15
87 16
53 17
98 18
88 19
2 19
12 20
98 21
85 22
37 23
2 23
37 23
100 24
91 25
54 26
44 26
17 27
2 27
23 27
86 28
15 29
9 29
36 29
38 29
80 30
83 31
25 32
10 32
13 32
25 32
33 33
58 33
71 34
26 34
95 35
97 36
10 37
73 37
52 38
1 38
73 39
10 39
13 39
32 40
25 40
91 41
100 42
48 43
97 44
6 45
46 45
49 46
96 47
96 48
9 49
82 49
14 50
52 50
83 51
88 52
10 52
58 53
39 53
22 54
19 54
60 55
1 55
65 56
70 57
69 58
100 59
10 60
5 60
2 60
18 60
15 60
86 61

22 48 26 96
28 44 17 89
33 41 74
76 76
34 34
74 74
49 49
83 83
27 62 89
63 63
88 88
88 88
74 74
37 63 100
14 81 95
78 78
87 87
53 53
98 98
88 2 90
12 12
98 98
85 85
37 2 37 76
100 100
91 91
54 44 98
17 2 23 42
86 86
15 9 36 38 98
80 80
83 83
25 10 13 25 73
33 58 91
71 26 97
95 95
97 97
10 73 83
52 1 53
73 10 13 96
32 25 57
91 91
100 100
48 48
97 97
6 46 52
49 49
96 96
96 96
9 82 91
14 52 66
83 83
88 10 98
58 39 97
22 19 41
60 1 61
65 65
70 70
69 69
100 100
10 5 2 18 15 50
86 86

First Fit:
22 0
48 0
26 0
28 1
44 1
17 1
33 2
41 2
76 3
34 4
74 5
49 4
83 6
27 7
62 7
63 8
88 9
88 10
74 11
37 8
63 12
14 2
81 13
78 14
87 15
53 16
98 17
88 18
2 0
12 2
98 19
85 20
37 12
2 0
37 16
100 21
91 22
54 23
44 23
17 3
2 1
23 5
86 24
15 4
9 1
36 25
38 25
80 26
83 27
25 11
10 6
13 13
25 25
33 28
58 28
71 29
26 29
95 30
97 31
10 7
73 32
52 33
1 3
73 34
10 9
13 14
32 33
25 32
91 35
100 36
48 37
97 38
6 3
46 37
49 39
96 40
96 41
9 10
82 42
14 20
52 43
83 44
88 45
10 15
58 46
39 39
22 34
19 26
60 47
1 4
65 48
70 49
69 50
100 51
10 16
5 6
2 5
18 42
15 27
86 52

22 48 26 2 2 100
28 44 17 2 9 100
33 41 14 12 100
76 17 1 6 100
34 49 15 1 99
74 23 2 99
83 10 5 98
27 62 10 99
63 37 100
88 10 98
88 9 97
74 25 99
63 37 100
81 13 94
78 13 91
87 10 97
53 37 10 100
98 98
88 88
98 98
85 14 99
100 100
91 91
54 44 98
86 86
36 38 25 99
80 19 99
83 15 98
33 58 91
71 26 97
95 95
97 97
73 25 98
52 32 84
73 22 95
91 91
100 100
48 46 94
97 97
49 39 88
96 96
96 96
82 18 100
52 52
83 83
88 88
58 58
60 60
65 65
70 70
69 69
100 100
86 86

Best Fit:
22 0
48 0
26 0
28 1
44 1
17 1
33 2
41 2
76 3
34 4
74 5
49 4
83 6
27 7
62 7
63 8
88 9
88 10
74 11
37 8
63 12
14 4
81 13
78 14
87 15
53 16
98 17
88 18
2 17
12 9
98 19
85 20
37 12
2 19
37 16
100 21
91 22
54 23
44 23
17 6
2 23
23 3
86 24
15 20
9 22
36 25
38 25
80 26
83 27
25 2
10 16
13 15
25 5
33 28
58 28
71 29
26 11
95 30
97 31
10 1
73 32
52 33
1 1
73 34
10 7
13 24
32 33
25 25
91 35
100 36
48 37
97 38
6 28
46 37
49 39
96 40
96 41
9 35
82 42
14 33
52 43
83 44
88 45
10 10
58 46
39 46
22 14
19 13
60 47
1 2
65 48
70 49
69 50
100 51
10 18
5 30
2 10
18 42
15 27
86 52

22 48 26 96
28 44 17 10 1 100
33 41 25 1 100
76 23 99
34 49 14 97
74 25 99
83 17 100
27 62 10 99
63 37 100
88 12 100
88 10 2 100
74 26 100
63 37 100
81 19 100
78 22 100
87 13 100
53 37 10 100
98 2 100
88 10 98
98 2 100
85 15 100
100 100
91 9 100
54 44 2 100
86 13 99
36 38 25 99
80 80
83 15 98
33 58 6 97
71 71
95 5 100
97 97
73 73
52 32 14 98
73 73
91 9 100
100 100
48 46 94
97 97
49 49
96 96
96 96
82 18 100
52 52
83 83
88 88
58 39 97
60 60
65 65
70 70
69 69
100 100
86 86

First Fit Decreasing:
100 0
100 1
100 2
98 3
98 4
97 5
97 6
96 7
96 8
95 9
91 10
91 11
88 12
88 13
88 14
88 15
87 16
86 17
86 18
85 19
83 20
83 21
83 22
82 23
81 24
80 25
78 26
76 27
74 28
74 29
73 30
73 31
71 32
70 33
69 34
65 35
63 36
63 37
62 38
60 39
58 40
58 41
54 42
53 43
52 44
52 45
49 46
49 46
48 44
48 45
46 42
44 43
44 47
41 40
39 39
38 38
37 36
37 37
37 41
36 47
34 35
33 48
33 48
32 48
28 32
27 30
26 28
26 29
25 31
25 33
25 34
23 27
22 26
22 49
19 24
18 23
17 20
17 21
15 19
15 22
14 17
14 18
13 16
13 25
12 12
10 13
10 14
10 15
10 47
10 47
9 10
9 11
6 25
5 9
2 3
2 4
2 5
2 6
1 5
1 6

100 100
100 100
100 100
98 2 100
98 2 100
97 2 1 100
97 2 1 100
96 96
96 96
95 5 100
91 9 100
91 9 100
88 12 100
88 10 98
88 10 98
88 10 98
87 13 100
86 14 100
86 14 100
85 15 100
83 17 100
83 17 100
83 15 98
82 18 100
81 19 100
80 13 6 99
78 22 100
76 23 99
74 26 100
74 26 100
73 27 100
73 25 98
71 28 99
70 25 95
69 25 94
65 34 99
63 37 100
63 37 100
62 38 100
60 39 99
58 41 99
58 37 95
54 46 100
53 44 97
52 48 100
52 48 100
49 49 98
44 36 10 10 100
33 33 32 98
22 22

Best Fit Decreasing:
100 0
100 1
100 2
98 3
98 4
97 5
97 6
96 7
96 8
95 9
91 10
91 11
88 12
88 13
88 14
88 15
87 16
86 17
86 18
85 19
83 20
83 21
83 22
82 23
81 24
80 25
78 26
76 27
74 28
74 29
73 30
73 31
71 32
70 33
69 34
65 35
63 36
63 37
62 38
60 39
58 40
58 41
54 42
53 43
52 44
52 45
49 46
49 46
48 44
48 45
46 42
44 43
44 47
41 40
39 39
38 38
37 36
37 37
37 41
36 47
34 35
33 48
33 48
32 48
28 32
27 30
26 28
26 29
25 31
25 33
25 34
23 27
22 26
22 49
19 24
18 23
17 20
17 21
15 19
15 22
14 17
14 18
13 16
13 25
12 12
10 13
10 14
10 15
10 47
10 47
9 10
9 11
6 34
5 9
2 3
2 4
2 13
2 14
1 27
1 32

100 100
100 100
100 100
98 2 100
98 2 100
97 97
97 97
96 96
96 96
95 5 100
91 9 100
91 9 100
88 12 100
88 10 2 100
88 10 2 100
88 10 98
87 13 100
86 14 100
86 14 100
85 15 100
83 17 100
83 17 100
83 15 98
82 18 100
81 19 100
80 13 93
78 22 100
76 23 1 100
74 26 100
74 26 100
73 27 100
73 25 98
71 28 1 100
70 25 95
69 25 6 100
65 34 99
63 37 100
63 37 100
62 38 100
60 39 99
58 41 99
58 37 95
54 46 100
53 44 97
52 48 100
52 48 100
49 49 98
44 36 10 10 100
33 33 32 98
22 22

*Experiment #8*
22
48
26
28
44
17
33
41
76
34
74
49
83
27
62
63
88
88
74
37
63
14
81
78
87
53
98
88
2
12
98
85
37
2
37
100
91
54
44
17
2
23
86
15
9
36
38
80
83
25
10
13
25
33
58
71
26
95
97
10
73
52
1
73
10
13
32
25
91
100
48
97
6
46
49
96
96
9
82
14
52
83
88
10
58
39
22
19
60
1
65
70
69
100
10
5
2
18
15
86

Next Fit:
22 0
48 0
26 0
28 1
44 1
17 1
33 2
41 2
76 3
34 4
74 5
49 6
83 7
27 8
62 8
63 9
88 10
88 11
74 12
37 13
63 13
14 14
81 14
78 15
87 16
53 17
98 18
88 19
2 19
12 20
98 21
85 22
37 23
2 23
37 23
100 24
91 25
54 26
44 26
17 27
2 27
23 27
86 28
15 29
9 29
36 29
38 29
80 30
83 31
25 32
10 32
13 32
25 32
33 33
58 33
71 34
26 34
95 35
97 36
10 37
73 37
52 38
1 38
73 39
10 39
13 39
32 40
25 40
91 41
100 42
48 43
97 44
6 45
46 45
49 46
96 47
96 48
9 49
82 49
14 50
52 50
83 51
88 52
10 52
58 53
39 53
22 54
19 54
60 55
1 55
65 56
70 57
69 58
100 59
10 60
5 60
2 60
18 60
15 60
86 61

22 48 26 96
28 44 17 89
33 41 74
76 76
34 34
74 74
49 49
83 83
27 62 89
63 63
88 88
88 88
74 74
37 63 100
14 81 95
78 78
87 87
53 53
98 98
88 2 90
12 12
98 98
85 85
37 2 37 76
100 100
91 91
54 44 98
17 2 23 42
86 86
15 9 36 38 98
80 80
83 83
25 10 13 25 73
33 58 91
71 26 97
95 95
97 97
10 73 83
52 1 53
73 10 13 96
32 25 57
91 91
100 100
48 48
97 97
6 46 52
49 49
96 96
96 96
9 82 91
14 52 66
83 83
88 10 98
58 39 97
22 19 41
60 1 61
65 65
70 70
69 69
100 100
10 5 2 18 15 50
86 86

First Fit:
22 0
48 0
26 0
28 1
44 1
17 1
33 2
41 2
76 3
34 4
74 5
49 4
83 6
27 7
62 7
63 8
88 9
88 10
74 11
37 8
63 12
14 2
81 13
78 14
87 15
53 16
98 17
88 18
2 0
12 2
98 19
85 20
37 12
2 0
37 16
100 21
91 22
54 23
44 23
17 3
2 1
23 5
86 24
15 4
9 1
36 25
38 25
80 26
83 27
25 11
10 6
13 13
25 25
33 28
58 28
71 29
26 29
95 30
97 31
10 7
73 32
52 33
1 3
73 34
10 9
13 14
32 33
25 32
91 35
100 36
48 37
97 38
6 3
46 37
49 39
96 40
96 41
9 10
82 42
14 20
52 43
83 44
88 45
10 15
58 46
39 39
22 34
19 26
60 47
1 4
65 48
70 49
69 50
100 51
10 16
5 6
2 5
18 42
15 27
86 52

22 48 26 2 2 100
28 44 17 2 9 100
33 41 14 12 100
76 17 1 6 100
34 49 15 1 99
74 23 2 99
83 10 5 98
27 62 10 99
63 37 100
88 10 98
88 9 97
74 25 99
63 37 100
81 13 94
78 13 91
87 10 97
53 37 10 100
98 98
88 88
98 98
85 14 99
100 100
91 91
54 44 98
86 86
36 38 25 99
80 19 99
83 15 98
33 58 91
71 26 97
95 95
97 97
73 25 98
52 32 84
73 22 95
91 91
100 100
48 46 94
97 97
49 39 88
96 96
96 96
82 18 100
52 52
83 83
88 88
58 58
60 60
65 65
70 70
69 69
100 100
86 86

Best Fit:
22 0
48 0
26 0
28 1
44 1
17 1
33 2
41 2
76 3
34 4
74 5
49 4
83 6
27 7
62 7
63 8
88 9
88 10
74 11
37 8
63 12
14 4
81 13
78 14
87 15
53 16
98 17
88 18
2 17
12 9
98 19
85 20
37 12
2 19
37 16
100 21
91 22
54 23
44 23
17 6
2 23
23 3
86 24
15 20
9 22
36 25
38 25
80 26
83 27
25 2
10 16
13 15
25 5
33 28
58 28
71 29
26 11
95 30
97 31
10 1
73 32
52 33
1 1
73 34
10 7
13 24
32 33
25 25
91 35
100 36
48 37
97 38
6 28
46 37
49 39
96 40
96 41
9 35
82 42
14 33
52 43
83 44
88 45
10 10
58 46
39 46
22 14
19 13
60 47
1 2
65 48
70 49
69 50
100 51
10 18
5 30
2 10
18 42
15 27
86 52

22 48 26 96
28 44 17 10 1 100
33 41 25 1 100
76 23 99
34 49 14 97
74 25 99
83 17 100
27 62 10 99
63 37 100
88 12 100
88 10 2 100
74 26 100
63 37 100
81 19 100
78 22 100
87 13 100
53 37 10 100
98 2 100
88 10 98
98 2 100
85 15 100
100 100
91 9 100
54 44 2 100
86 13 99
36 38 25 99
80 80
83 15 98
33 58 6 97
71 71
95 5 100
97 97
73 73
52 32 14 98
73 73
91 9 100
100 100
48 46 94
97 97
49 49
96 96
96 96
82 18 100
52 52
83 83
88 88
58 39 97
60 60
65 65
70 70
69 69
100 100
86 86

First Fit Decreasing:
100 0
100 1
100 2
98 3
98 4
97 5
97 6
96 7
96 8
95 9
91 10
91 11
88 12
88 13
88 14
88 15
87 16
86 17
86 18
85 19
83 20
83 21
83 22
82 23
81 24
80 25
78 26
76 27
74 28
74 29
73 30
73 31
71 32
70 33
69 34
65 35
63 36
63 37
62 38
60 39
58 40
58 41
54 42
53 43
52 44
52 45
49 46
49 46
48 44
48 45
46 42
44 43
44 47
41 40
39 39
38 38
37 36
37 37
37 41
36 47
34 35
33 48
33 48
32 48
28 32
27 30
26 28
26 29
25 31
25 33
25 34
23 27
22 26
22 49
19 24
18 23
17 20
17 21
15 19
15 22
14 17
14 18
13 16
13 25
12 12
10 13
10 14
10 15
10 47
10 47
9 10
9 11
6 25
5 9
2 3
2 4
2 5
2 6
1 5
1 6

100 100
100 100
100 100
98 2 100
98 2 100
97 2 1 100
97 2 1 100
96 96
96 96
95 5 100
91 9 100
91 9 100
88 12 100
88 10 98
88 10 98
88 10 98
87 13 100
86 14 100
86 14 100
85 15 100
83 17 100
83 17 100
83 15 98
82 18 100
81 19 100
80 13 6 99
78 22 100
76 23 99
74 26 100
74 26 100
73 27 100
73 25 98
71 28 99
70 25 95
69 25 94
65 34 99
63 37 100
63 37 100
62 38 100
60 39 99
58 41 99
58 37 95
54 46 100
53 44 97
52 48 100
52 48 100
49 49 98
44 36 10 10 100
33 33 32 98
22 22

Best Fit Decreasing:
100 0
100 1
100 2
98 3
98 4
97 5
97 6
96 7
96 8
95 9
91 10
91 11
88 12
88 13
88 14
88 15
87 16
86 17
86 18
85 19
83 20
83 21
83 22
82 23
81 24
80 25
78 26
76 27
74 28
74 29
73 30
73 31
71 32
70 33
69 34
65 35
63 36
63 37
62 38
60 39
58 40
58 41
54 42
53 43
52 44
52 45
49 46
49 46
48 44
48 45
46 42
44 43
44 47
41 40
39 39
38 38
37 36
37 37
37 41
36 47
34 35
33 48
33 48
32 48
28 32
27 30
26 28
26 29
25 31
25 33
25 34
23 27
22 26
22 49
19 24
18 23
17 20
17 21
15 19
15 22
14 17
14 18
13 16
13 25
12 12
10 13
10 14
10 15
10 47
10 47
9 10
9 11
6 34
5 9
2 3
2 4
2 13
2 14
1 27
1 32

100 100
100 100
100 100
98 2 100
98 2 100
97 97
97 97
96 96
96 96
95 5 100
91 9 100
91 9 100
88 12 100
88 10 2 100
88 10 2 100
88 10 98
87 13 100
86 14 100
86 14 100
85 15 100
83 17 100
83 17 100
83 15 98
82 18 100
81 19 100
80 13 93
78 22 100
76 23 1 100
74 26 100
74 26 100
73 27 100
73 25 98
71 28 1 100
70 25 95
69 25 6 100
65 34 99
63 37 100
63 37 100
62 38 100
60 39 99
58 41 99
58 37 95
54 46 100
53 44 97
52 48 100
52 48 100
49 49 98
44 36 10 10 100
33 33 32 98
22 22

*Experiment #9*
22
48
26
28
44
17
33
41
76
34
74
49
83
27
62
63
88
88
74
37
63
14
81
78
87
53
98
88
2
12
98
85
37
2
37
100
91
54
44
17
2
23
86
15
9
36
38
80
83
25
10
13
25
33
58
71
26
95
97
10
73
52
1
73
10
13
32
25
91
100
48
97
6
46
49
96
96
9
82
14
52
83
88
10
58
39
22
19
60
1
65
70
69
100
10
5
2
18
15
86

Next Fit:
22 0
48 0
26 0
28 1
44 1
17 1
33 2
41 2
76 3
34 4
74 5
49 6
83 7
27 8
62 8
63 9
88 10
88 11
74 12
37 13
63 13
14 14
81 14
78 15
87 16
53 17
98 18
88 19
2 19
12 20
98 21
85 22
37 23
2 23
37 23
100 24
91 25
54 26
44 26
17 27
2 27
23 27
86 28
15 29
9 29
36 29
38 29
80 30
83 31
25 32
10 32
13 32
25 32
33 33
58 33
71 34
26 34
95 35
97 36
10 37
73 37
52 38
1 38
73 39
10 39
13 39
32 40
25 40
91 41
100 42
48 43
97 44
6 45
46 45
49 46
96 47
96 48
9 49
82 49
14 50
52 50
83 51
88 52
10 52
58 53
39 53
22 54
19 54
60 55
1 55
65 56
70 57
69 58
100 59
10 60
5 60
2 60
18 60
15 60
86 61

22 48 26 96
28 44 17 89
33 41 74
76 76
34 34
74 74
49 49
83 83
27 62 89
63 63
88 88
88 88
74 74
37 63 100
14 81 95
78 78
87 87
53 53
98 98
88 2 90
12 12
98 98
85 85
37 2 37 76
100 100
91 91
54 44 98
17 2 23 42
86 86
15 9 36 38 98
80 80
83 83
25 10 13 25 73
33 58 91
71 26 97
95 95
97 97
10 73 83
52 1 53
73 10 13 96
32 25 57
91 91
100 100
48 48
97 97
6 46 52
49 49
96 96
96 96
9 82 91
14 52 66
83 83
88 10 98
58 39 97
22 19 41
60 1 61
65 65
70 70
69 69
100 100
10 5 2 18 15 50
86 86

First Fit:
22 0
48 0
26 0
28 1
44 1
17 1
33 2
41 2
76 3
34 4
74 5
49 4
83 6
27 7
62 7
63 8
88 9
88 10
74 11
37 8
63 12
14 2
81 13
78 14
87 15
53 16
98 17
88 18
2 0
12 2
98 19
85 20
37 12
2 0
37 16
100 21
91 22
54 23
44 23
17 3
2 1
23 5
86 24
15 4
9 1
36 25
38 25
80 26
83 27
25 11
10 6
13 13
25 25
33 28
58 28
71 29
26 29
95 30
97 31
10 7
73 32
52 33
1 3
73 34
10 9
13 14
32 33
25 32
91 35
100 36
48 37
97 38
6 3
46 37
49 39
96 40
96 41
9 10
82 42
14 20
52 43
83 44
88 45
10 15
58 46
39 39
22 34
19 26
60 47
1 4
65 48
70 49
69 50
100 51
10 16
5 6
2 5
18 42
15 27
86 52

22 48 26 2 2 100
28 44 17 2 9 100
33 41 14 12 100
76 17 1 6 100
34 49 15 1 99
74 23 2 99
83 10 5 98
27 62 10 99
63 37 100
88 10 98
88 9 97
74 25 99
63 37 100
81 13 94
78 13 91
87 10 97
53 37 10 100
98 98
88 88
98 98
85 14 99
100 100
91 91
54 44 98
86 86
36 38 25 99
80 19 99
83 15 98
33 58 91
71 26 97
95 95
97 97
73 25 98
52 32 84
73 22 95
91 91
100 100
48 46 94
97 97
49 39 88
96 96
96 96
82 18 100
52 52
83 83
88 88
58 58
60 60
65 65
70 70
69 69
100 100
86 86

Best Fit:
22 0
48 0
26 0
28 1
44 1
17 1
33 2
41 2
76 3
34 4
74 5
49 4
83 6
27 7
62 7
63 8
88 9
88 10
74 11
37 8
63 12
14 4
81 13
78 14
87 15
53 16
98 17
88 18
2 17
12 9
98 19
85 20
37 12
2 19
37 16
100 21
91 22
54 23
44 23
17 6
2 23
23 3
86 24
15 20
9 22
36 25
38 25
80 26
83 27
25 2
10 16
13 15
25 5
33 28
58 28
71 29
26 11
95 30
97 31
10 1
73 32
52 33
1 1
73 34
10 7
13 24
32 33
25 25
91 35
100 36
48 37
97 38
6 28
46 37
49 39
96 40
96 41
9 35
82 42
14 33
52 43
83 44
88 45
10 10
58 46
39 46
22 14
19 13
60 47
1 2
65 48
70 49
69 50
100 51
10 18
5 30
2 10
18 42
15 27
86 52

22 48 26 96
28 44 17 10 1 100
33 41 25 1 100
76 23 99
34 49 14 97
74 25 99
83 17 100
27 62 10 99
63 37 100
88 12 100
88 10 2 100
74 26 100
63 37 100
81 19 100
78 22 100
87 13 100
53 37 10 100
98 2 100
88 10 98
98 2 100
85 15 100
100 100
91 9 100
54 44 2 100
86 13 99
36 38 25 99
80 80
83 15 98
33 58 6 97
71 71
95 5 100
97 97
73 73
52 32 14 98
73 73
91 9 100
100 100
48 46 94
97 97
49 49
96 96
96 96
82 18 100
52 52
83 83
88 88
58 39 97
60 60
65 65
70 70
69 69
100 100
86 86

First Fit Decreasing:
100 0
100 1
100 2
98 3
98 4
97 5
97 6
96 7
96 8
95 9
91 10
91 11
88 12
88 13
88 14
88 15
87 16
86 17
86 18
85 19
83 20
83 21
83 22
82 23
81 24
80 25
78 26
76 27
74 28
74 29
73 30
73 31
71 32
70 33
69 34
65 35
63 36
63 37
62 38
60 39
58 40
58 41
54 42
53 43
52 44
52 45
49 46
49 46
48 44
48 45
46 42
44 43
44 47
41 40
39 39
38 38
37 36
37 37
37 41
36 47
34 35
33 48
33 48
32 48
28 32
27 30
26 28
26 29
25 31
25 33
25 34
23 27
22 26
22 49
19 24
18 23
17 20
17 21
15 19
15 22
14 17
14 18
13 16
13 25
12 12
10 13
10 14
10 15
10 47
10 47
9 10
9 11
6 25
5 9
2 3
2 4
2 5
2 6
1 5
1 6

100 100
100 100
100 100
98 2 100
98 2 100
97 2 1 100
97 2 1 100
96 96
96 96
95 5 100
91 9 100
91 9 100
88 12 100
88 10 98
88 10 98
88 10 98
87 13 100
86 14 100
86 14 100
85 15 100
83 17 100
83 17 100
83 15 98
82 18 100
81 19 100
80 13 6 99
78 22 100
76 23 99
74 26 100
74 26 100
73 27 100
73 25 98
71 28 99
70 25 95
69 25 94
65 34 99
63 37 100
63 37 100
62 38 100
60 39 99
58 41 99
58 37 95
54 46 100
53 44 97
52 48 100
52 48 100
49 49 98
44 36 10 10 100
33 33 32 98
22 22

Best Fit Decreasing:
100 0
100 1
100 2
98 3
98 4
97 5
97 6
96 7
96 8
95 9
91 10
91 11
88 12
88 13
88 14
88 15
87 16
86 17
86 18
85 19
83 20
83 21
83 22
82 23
81 24
80 25
78 26
76 27
74 28
74 29
73 30
73 31
71 32
70 33
69 34
65 35
63 36
63 37
62 38
60 39
58 40
58 41
54 42
53 43
52 44
52 45
49 46
49 46
48 44
48 45
46 42
44 43
44 47
41 40
39 39
38 38
37 36
37 37
37 41
36 47
34 35
33 48
33 48
32 48
28 32
27 30
26 28
26 29
25 31
25 33
25 34
23 27
22 26
22 49
19 24
18 23
17 20
17 21
15 19
15 22
14 17
14 18
13 16
13 25
12 12
10 13
10 14
10 15
10 47
10 47
9 10
9 11
6 34
5 9
2 3
2 4
2 13
2 14
1 27
1 32

100 100
100 100
100 100
98 2 100
98 2 100
97 97
97 97
96 96
96 96
95 5 100
91 9 100
91 9 100
88 12 100
88 10 2 100
88 10 2 100
88 10 98
87 13 100
86 14 100
86 14 100
85 15 100
83 17 100
83 17 100
83 15 98
82 18 100
81 19 100
80 13 93
78 22 100
76 23 1 100
74 26 100
74 26 100
73 27 100
73 25 98
71 28 1 100
70 25 95
69 25 6 100
65 34 99
63 37 100
63 37 100
62 38 100
60 39 99
58 41 99
58 37 95
54 46 100
53 44 97
52 48 100
52 48 100
49 49 98
44 36 10 10 100
33 33 32 98
22 22

*Experiment #10*
22
48
26
28
44
17
33
41
76
34
74
49
83
27
62
63
88
88
74
37
63
14
81
78
87
53
98
88
2
12
98
85
37
2
37
100
91
54
44
17
2
23
86
15
9
36
38
80
83
25
10
13
25
33
58
71
26
95
97
10
73
52
1
73
10
13
32
25
91
100
48
97
6
46
49
96
96
9
82
14
52
83
88
10
58
39
22
19
60
1
65
70
69
100
10
5
2
18
15
86

Next Fit:
22 0
48 0
26 0
28 1
44 1
17 1
33 2
41 2
76 3
34 4
74 5
49 6
83 7
27 8
62 8
63 9
88 10
88 11
74 12
37 13
63 13
14 14
81 14
78 15
87 16
53 17
98 18
88 19
2 19
12 20
98 21
85 22
37 23
2 23
37 23
100 24
91 25
54 26
44 26
17 27
2 27
23 27
86 28
15 29
9 29
36 29
38 29
80 30
83 31
25 32
10 32
13 32
25 32
33 33
58 33
71 34
26 34
95 35
97 36
10 37
73 37
52 38
1 38
73 39
10 39
13 39
32 40
25 40
91 41
100 42
48 43
97 44
6 45
46 45
49 46
96 47
96 48
9 49
82 49
14 50
52 50
83 51
88 52
10 52
58 53
39 53
22 54
19 54
60 55
1 55
65 56
70 57
69 58
100 59
10 60
5 60
2 60
18 60
15 60
86 61

22 48 26 96
28 44 17 89
33 41 74
76 76
34 34
74 74
49 49
83 83
27 62 89
63 63
88 88
88 88
74 74
37 63 100
14 81 95
78 78
87 87
53 53
98 98
88 2 90
12 12
98 98
85 85
37 2 37 76
100 100
91 91
54 44 98
17 2 23 42
86 86
15 9 36 38 98
80 80
83 83
25 10 13 25 73
33 58 91
71 26 97
95 95
97 97
10 73 83
52 1 53
73 10 13 96
32 25 57
91 91
100 100
48 48
97 97
6 46 52
49 49
96 96
96 96
9 82 91
14 52 66
83 83
88 10 98
58 39 97
22 19 41
60 1 61
65 65
70 70
69 69
100 100
10 5 2 18 15 50
86 86

First Fit:
22 0
48 0
26 0
28 1
44 1
17 1
33 2
41 2
76 3
34 4
74 5
49 4
83 6
27 7
62 7
63 8
88 9
88 10
74 11
37 8
63 12
14 2
81 13
78 14
87 15
53 16
98 17
88 18
2 0
12 2
98 19
85 20
37 12
2 0
37 16
100 21
91 22
54 23
44 23
17 3
2 1
23 5
86 24
15 4
9 1
36 25
38 25
80 26
83 27
25 11
10 6
13 13
25 25
33 28
58 28
71 29
26 29
95 30
97 31
10 7
73 32
52 33
1 3
73 34
10 9
13 14
32 33
25 32
91 35
100 36
48 37
97 38
6 3
46 37
49 39
96 40
96 41
9 10
82 42
14 20
52 43
83 44
88 45
10 15
58 46
39 39
22 34
19 26
60 47
1 4
65 48
70 49
69 50
100 51
10 16
5 6
2 5
18 42
15 27
86 52

22 48 26 2 2 100
28 44 17 2 9 100
33 41 14 12 100
76 17 1 6 100
34 49 15 1 99
74 23 2 99
83 10 5 98
27 62 10 99
63 37 100
88 10 98
88 9 97
74 25 99
63 37 100
81 13 94
78 13 91
87 10 97
53 37 10 100
98 98
88 88
98 98
85 14 99
100 100
91 91
54 44 98
86 86
36 38 25 99
80 19 99
83 15 98
33 58 91
71 26 97
95 95
97 97
73 25 98
52 32 84
73 22 95
91 91
100 100
48 46 94
97 97
49 39 88
96 96
96 96
82 18 100
52 52
83 83
88 88
58 58
60 60
65 65
70 70
69 69
100 100
86 86

Best Fit:
22 0
48 0
26 0
28 1
44 1
17 1
33 2
41 2
76 3
34 4
74 5
49 4
83 6
27 7
62 7
63 8
88 9
88 10
74 11
37 8
63 12
14 4
81 13
78 14
87 15
53 16
98 17
88 18
2 17
12 9
98 19
85 20
37 12
2 19
37 16
100 21
91 22
54 23
44 23
17 6
2 23
23 3
86 24
15 20
9 22
36 25
38 25
80 26
83 27
25 2
10 16
13 15
25 5
33 28
58 28
71 29
26 11
95 30
97 31
10 1
73 32
52 33
1 1
73 34
10 7
13 24
32 33
25 25
91 35
100 36
48 37
97 38
6 28
46 37
49 39
96 40
96 41
9 35
82 42
14 33
52 43
83 44
88 45
10 10
58 46
39 46
22 14
19 13
60 47
1 2
65 48
70 49
69 50
100 51
10 18
5 30
2 10
18 42
15 27
86 52

22 48 26 96
28 44 17 10 1 100
33 41 25 1 100
76 23 99
34 49 14 97
74 25 99
83 17 100
27 62 10 99
63 37 100
88 12 100
88 10 2 100
74 26 100
63 37 100
81 19 100
78 22 100
87 13 100
53 37 10 100
98 2 100
88 10 98
98 2 100
85 15 100
100 100
91 9 100
54 44 2 100
86 13 99
36 38 25 99
80 80
83 15 98
33 58 6 97
71 71
95 5 100
97 97
73 73
52 32 14 98
73 73
91 9 100
100 100
48 46 94
97 97
49 49
96 96
96 96
82 18 100
52 52
83 83
88 88
58 39 97
60 60
65 65
70 70
69 69
100 100
86 86

First Fit Decreasing:
100 0
100 1
100 2
98 3
98 4
97 5
97 6
96 7
96 8
95 9
91 10
91 11
88 12
88 13
88 14
88 15
87 16
86 17
86 18
85 19
83 20
83 21
83 22
82 23
81 24
80 25
78 26
76 27
74 28
74 29
73 30
73 31
71 32
70 33
69 34
65 35
63 36
63 37
62 38
60 39
58 40
58 41
54 42
53 43
52 44
52 45
49 46
49 46
48 44
48 45
46 42
44 43
44 47
41 40
39 39
38 38
37 36
37 37
37 41
36 47
34 35
33 48
33 48
32 48
28 32
27 30
26 28
26 29
25 31
25 33
25 34
23 27
22 26
22 49
19 24
18 23
17 20
17 21
15 19
15 22
14 17
14 18
13 16
13 25
12 12
10 13
10 14
10 15
10 47
10 47
9 10
9 11
6 25
5 9
2 3
2 4
2 5
2 6
1 5
1 6

100 100
100 100
100 100
98 2 100
98 2 100
97 2 1 100
97 2 1 100
96 96
96 96
95 5 100
91 9 100
91 9 100
88 12 100
88 10 98
88 10 98
88 10 98
87 13 100
86 14 100
86 14 100
85 15 100
83 17 100
83 17 100
83 15 98
82 18 100
81 19 100
80 13 6 99
78 22 100
76 23 99
74 26 100
74 26 100
73 27 100
73 25 98
71 28 99
70 25 95
69 25 94
65 34 99
63 37 100
63 37 100
62 38 100
60 39 99
58 41 99
58 37 95
54 46 100
53 44 97
52 48 100
52 48 100
49 49 98
44 36 10 10 100
33 33 32 98
22 22

Best Fit Decreasing:
100 0
100 1
100 2
98 3
98 4
97 5
97 6
96 7
96 8
95 9
91 10
91 11
88 12
88 13
88 14
88 15
87 16
86 17
86 18
85 19
83 20
83 21
83 22
82 23
81 24
80 25
78 26
76 27
74 28
74 29
73 30
73 31
71 32
70 33
69 34
65 35
63 36
63 37
62 38
60 39
58 40
58 41
54 42
53 43
52 44
52 45
49 46
49 46
48 44
48 45
46 42
44 43
44 47
41 40
39 39
38 38
37 36
37 37
37 41
36 47
34 35
33 48
33 48
32 48
28 32
27 30
26 28
26 29
25 31
25 33
25 34
23 27
22 26
22 49
19 24
18 23
17 20
17 21
15 19
15 22
14 17
14 18
13 16
13 25
12 12
10 13
10 14
10 15
10 47
10 47
9 10
9 11
6 34
5 9
2 3
2 4
2 13
2 14
1 27
1 32

100 100
100 100
100 100
98 2 100
98 2 100
97 97
97 97
96 96
96 96
95 5 100
91 9 100
91 9 100
88 12 100
88 10 2 100
88 10 2 100
88 10 98
87 13 100
86 14 100
86 14 100
85 15 100
83 17 100
83 17 100
83 15 98
82 18 100
81 19 100
80 13 93
78 22 100
76 23 1 100
74 26 100
74 26 100
73 27 100
73 25 98
71 28 1 100
70 25 95
69 25 6 100
65 34 99
63 37 100
63 37 100
62 38 100
60 39 99
58 41 99
58 37 95
54 46 100
53 44 97
52 48 100
52 48 100
49 49 98
44 36 10 10 100
33 33 32 98
22 22

